2.712 -2.958 312.596 301.265
3.200 -2.412 239.083 301.228
3.371 -2.383 224.351 300.087
3.892 -1.435 111.387 298.426
4.091 -1.448 102.396 295.183
3.934 -1.856 150.463 295.506
3.595 -2.448 219.262 295.506
3.623 -2.706 237.624 294.143
3.972 -2.177 178.607 293.038
4.402 -1.177 62.6532 292.229
4.474 -0.933 32.6626 293.128
4.580 -1.186 60.1791 291.182
4.492 -1.481 95.1689 290.294
4.535 -1.344 77.6233 291.148
1.547 -4.372 499.095 298.397
2.290 -4.001 412.204 294.389
2.731 -3.694 361.354 293.244
3.452 -1.685 153.21 302.061
3.364 -1.845 173.758 302.403
3.727 -1.156 78.7747 303.512
3.416 -1.852 172.298 302.494
3.662 -1.351 107.748 303.117
3.861 -1.465 113.14 300.369
3.957 -1.227 81.08 300.046
3.768 -1.679 140.554 300.057
3.649 -1.921 167.301 299.45
3.248 -2.539 245.384 299.306
2.073 -1.836 262.157 322.384
1.857 -2.065 309.37 324.373
1.618 -2.266 357.344 326.473
1.255 -2.519 427.51 329.462
0.972 -2.671 481.409 332.471
2.144 -0.809 96.2531 347.359
1.940 -1.258 192.859 342.322
1.799 -1.484 242.328 342.225
1.564 -1.751 303.396 342.643
1.358 -1.940 355.532 344.432
1.499 -2.103 354.14 336.253
1.195 -2.319 416.595 338.308
1.381 -2.369 395.463 332.084